{
  "missing_values": {
    "missing_count": {},
    "missing_pct": {}
  },
  "duplicate_rows": 0,
  "dtype_distribution": {
    "int64": 24,
    "float64": 9,
    "object": 1
  },
  "target_distribution": {
    "counts": {
      "0": 115421,
      "1": 12235
    },
    "percentages": {
      "0": 90.42,
      "1": 9.58
    }
  },
  "imbalance_ratio": 9.4336738863915,
  "split_report": {
    "train": {
      "rows": 127656,
      "toxic_rate": 0.09584351695180798
    },
    "test": {
      "rows": 31915,
      "toxic_rate": 0.0958483471721761
    },
    "absolute_rate_gap": 4.830220368109983e-06
  },
  "feature_occurrence": {
    "non_zero_count": {
      "unique_word_ratio": 127656,
      "char_count": 127656,
      "avg_sentence_length": 127656,
      "sentence_count": 127656,
      "word_count": 127656,
      "vader_compound": 107194,
      "vader_intensity": 107194,
      "vader_pos_minus_neg": 107111,
      "vader_pos": 91036,
      "vader_neg": 76959,
      "has_second_person": 67392,
      "second_person_density": 67392,
      "second_person_count": 67392,
      "negation_count": 66106,
      "consecutive_punct_count": 55188,
      "uppercase_ratio": 47550,
      "vader_is_negative": 42063,
      "elongated_token_count": 21490,
      "exclamation_count": 18199,
      "identity_mention_count": 17775,
      "has_url_or_ip": 11533,
      "profanity_count": 8336,
      "ip_count": 7924,
      "identity_race": 7201,
      "identity_nationality": 4901,
      "identity_gender": 4355,
      "url_count": 4067,
      "identity_religion": 3275,
      "identity_sexuality": 1617,
      "slang_count": 813,
      "identity_disability": 673,
      "obfuscated_profanity_count": 35
    },
    "non_zero_pct": {
      "unique_word_ratio": 100.0,
      "char_count": 100.0,
      "avg_sentence_length": 100.0,
      "sentence_count": 100.0,
      "word_count": 100.0,
      "vader_compound": 83.97,
      "vader_intensity": 83.97,
      "vader_pos_minus_neg": 83.91,
      "vader_pos": 71.31,
      "vader_neg": 60.29,
      "has_second_person": 52.79,
      "second_person_density": 52.79,
      "second_person_count": 52.79,
      "negation_count": 51.78,
      "consecutive_punct_count": 43.23,
      "uppercase_ratio": 37.25,
      "vader_is_negative": 32.95,
      "elongated_token_count": 16.83,
      "exclamation_count": 14.26,
      "identity_mention_count": 13.92,
      "has_url_or_ip": 9.03,
      "profanity_count": 6.53,
      "ip_count": 6.21,
      "identity_race": 5.64,
      "identity_nationality": 3.84,
      "identity_gender": 3.41,
      "url_count": 3.19,
      "identity_religion": 2.57,
      "identity_sexuality": 1.27,
      "slang_count": 0.64,
      "identity_disability": 0.53,
      "obfuscated_profanity_count": 0.03
    },
    "non_zero_count_non_toxic": {
      "unique_word_ratio": 115421,
      "char_count": 115421,
      "avg_sentence_length": 115421,
      "sentence_count": 115421,
      "word_count": 115421,
      "vader_compound": 95903,
      "vader_intensity": 95903,
      "vader_pos_minus_neg": 95822,
      "vader_pos": 84044,
      "vader_neg": 66357,
      "has_second_person": 58652,
      "second_person_density": 58652,
      "second_person_count": 58652,
      "negation_count": 61187,
      "consecutive_punct_count": 51044,
      "uppercase_ratio": 42998,
      "vader_is_negative": 33069,
      "elongated_token_count": 18937,
      "exclamation_count": 14980,
      "identity_mention_count": 15593,
      "has_url_or_ip": 10347,
      "profanity_count": 2026,
      "ip_count": 6886,
      "identity_race": 6535,
      "identity_nationality": 4622,
      "identity_gender": 3651,
      "url_count": 3897,
      "identity_religion": 2998,
      "identity_sexuality": 1039,
      "slang_count": 445,
      "identity_disability": 571,
      "obfuscated_profanity_count": 6
    },
    "non_zero_count_toxic": {
      "unique_word_ratio": 12235,
      "char_count": 12235,
      "avg_sentence_length": 12235,
      "sentence_count": 12235,
      "word_count": 12235,
      "vader_compound": 11291,
      "vader_intensity": 11291,
      "vader_pos_minus_neg": 11289,
      "vader_pos": 6992,
      "vader_neg": 10602,
      "has_second_person": 8740,
      "second_person_density": 8740,
      "second_person_count": 8740,
      "negation_count": 4919,
      "consecutive_punct_count": 4144,
      "uppercase_ratio": 4552,
      "vader_is_negative": 8994,
      "elongated_token_count": 2553,
      "exclamation_count": 3219,
      "identity_mention_count": 2182,
      "has_url_or_ip": 1186,
      "profanity_count": 6310,
      "ip_count": 1038,
      "identity_race": 666,
      "identity_nationality": 279,
      "identity_gender": 704,
      "url_count": 170,
      "identity_religion": 277,
      "identity_sexuality": 578,
      "slang_count": 368,
      "identity_disability": 102,
      "obfuscated_profanity_count": 29
    },
    "non_zero_pct_non_toxic": {
      "unique_word_ratio": 100.0,
      "char_count": 100.0,
      "avg_sentence_length": 100.0,
      "sentence_count": 100.0,
      "word_count": 100.0,
      "vader_compound": 83.09,
      "vader_intensity": 83.09,
      "vader_pos_minus_neg": 83.02,
      "vader_pos": 72.82,
      "vader_neg": 57.49,
      "has_second_person": 50.82,
      "second_person_density": 50.82,
      "second_person_count": 50.82,
      "negation_count": 53.01,
      "consecutive_punct_count": 44.22,
      "uppercase_ratio": 37.25,
      "vader_is_negative": 28.65,
      "elongated_token_count": 16.41,
      "exclamation_count": 12.98,
      "identity_mention_count": 13.51,
      "has_url_or_ip": 8.96,
      "profanity_count": 1.76,
      "ip_count": 5.97,
      "identity_race": 5.66,
      "identity_nationality": 4.0,
      "identity_gender": 3.16,
      "url_count": 3.38,
      "identity_religion": 2.6,
      "identity_sexuality": 0.9,
      "slang_count": 0.39,
      "identity_disability": 0.49,
      "obfuscated_profanity_count": 0.01
    },
    "non_zero_pct_toxic": {
      "unique_word_ratio": 100.0,
      "char_count": 100.0,
      "avg_sentence_length": 100.0,
      "sentence_count": 100.0,
      "word_count": 100.0,
      "vader_compound": 92.28,
      "vader_intensity": 92.28,
      "vader_pos_minus_neg": 92.27,
      "vader_pos": 57.15,
      "vader_neg": 86.65,
      "has_second_person": 71.43,
      "second_person_density": 71.43,
      "second_person_count": 71.43,
      "negation_count": 40.2,
      "consecutive_punct_count": 33.87,
      "uppercase_ratio": 37.2,
      "vader_is_negative": 73.51,
      "elongated_token_count": 20.87,
      "exclamation_count": 26.31,
      "identity_mention_count": 17.83,
      "has_url_or_ip": 9.69,
      "profanity_count": 51.57,
      "ip_count": 8.48,
      "identity_race": 5.44,
      "identity_nationality": 2.28,
      "identity_gender": 5.75,
      "url_count": 1.39,
      "identity_religion": 2.26,
      "identity_sexuality": 4.72,
      "slang_count": 3.01,
      "identity_disability": 0.83,
      "obfuscated_profanity_count": 0.24
    }
  },
  "feature_target_correlation": {
    "vader_neg": 0.4823605393915386,
    "vader_pos_minus_neg": -0.3605173434823227,
    "vader_compound": -0.29898337015823173,
    "second_person_density": 0.28894743740660567,
    "vader_is_negative": 0.2809513289218729,
    "uppercase_ratio": 0.23098042668846772,
    "has_second_person": 0.12158291004346708,
    "vader_intensity": 0.11987206212678712,
    "identity_sexuality": 0.10065869740541782,
    "profanity_count": 0.10049427492747892,
    "second_person_count": 0.08352544169887803,
    "vader_pos": -0.06477312809766109,
    "unique_word_ratio": 0.05673839651437165,
    "char_count": -0.05482860270240695,
    "word_count": -0.05326416049882027,
    "elongated_token_count": 0.046238216784182225,
    "negation_count": -0.045498626120472355,
    "identity_gender": 0.04201437274076381,
    "exclamation_count": 0.038700788113017526,
    "avg_sentence_length": 0.03843910074303738,
    "slang_count": 0.03787279098795251,
    "obfuscated_profanity_count": 0.037102772148214384,
    "ip_count": 0.02699691971391283,
    "identity_nationality": -0.026415071368386278,
    "identity_mention_count": 0.02314317612107501,
    "url_count": -0.023013695663893927,
    "consecutive_punct_count": -0.018321204903781346,
    "identity_disability": 0.013778966814543707,
    "has_url_or_ip": 0.007485131040173378,
    "identity_religion": -0.006208598694570853,
    "identity_race": -0.002787723295375294,
    "sentence_count": -0.000882189993296914
  },
  "feature_means_by_class": {
    "char_count": {
      "non_toxic": 404.47802392978747,
      "toxic": 294.71295463833263,
      "diff": -109.76506929145484
    },
    "word_count": {
      "non_toxic": 68.96611535162579,
      "toxic": 51.06456885982836,
      "diff": -17.901546491797426
    },
    "exclamation_count": {
      "non_toxic": 0.3575345907590473,
      "toxic": 4.14957090314671,
      "diff": 3.792036312387663
    },
    "avg_sentence_length": {
      "non_toxic": 12.848487472115137,
      "toxic": 15.779480408062843,
      "diff": 2.9309929359477067
    },
    "profanity_count": {
      "non_toxic": 0.022370279238613424,
      "toxic": 2.3994278708622803,
      "diff": 2.3770575916236667
    },
    "second_person_count": {
      "non_toxic": 1.6753883608702056,
      "toxic": 3.5191663261136084,
      "diff": 1.8437779652434028
    },
    "vader_compound": {
      "non_toxic": 0.1652293022933435,
      "toxic": -0.41721427053534943,
      "diff": -0.582443572828693
    },
    "vader_is_negative": {
      "non_toxic": 0.2865076545862538,
      "toxic": 0.7351042092357989,
      "diff": 0.44859655464954507
    },
    "elongated_token_count": {
      "non_toxic": 0.2691971131769782,
      "toxic": 0.6531262770739681,
      "diff": 0.3839291638969899
    },
    "negation_count": {
      "non_toxic": 1.2846795643773663,
      "toxic": 0.9276665304454434,
      "diff": -0.35701303393192285
    },
    "consecutive_punct_count": {
      "non_toxic": 1.739033624730335,
      "toxic": 1.4219861054352267,
      "diff": -0.3170475192951083
    },
    "identity_mention_count": {
      "non_toxic": 0.3216659013524402,
      "toxic": 0.6004086636697997,
      "diff": 0.2787427623173595
    },
    "vader_pos_minus_neg": {
      "non_toxic": 0.04141490716594034,
      "toxic": -0.16772227217000407,
      "diff": -0.20913717933594442
    },
    "has_second_person": {
      "non_toxic": 0.5081570944628794,
      "toxic": 0.7143440948099714,
      "diff": 0.20618700034709203
    },
    "vader_neg": {
      "non_toxic": 0.06139008499319881,
      "toxic": 0.2464667756436453,
      "diff": 0.1850766906504465
    },
    "vader_intensity": {
      "non_toxic": 0.4687501347241836,
      "toxic": 0.6031105190028606,
      "diff": 0.13436038427867703
    },
    "uppercase_ratio": {
      "non_toxic": 0.022026386603700022,
      "toxic": 0.11131744910983336,
      "diff": 0.08929106250613333
    },
    "second_person_density": {
      "non_toxic": 0.02810557235685014,
      "toxic": 0.07507606309767062,
      "diff": 0.04697049074082048
    },
    "slang_count": {
      "non_toxic": 0.004583221424177576,
      "toxic": 0.05124642419288925,
      "diff": 0.04666320276871168
    },
    "identity_sexuality": {
      "non_toxic": 0.009001828090208887,
      "toxic": 0.047241520228851655,
      "diff": 0.03823969213864277
    },
    "url_count": {
      "non_toxic": 0.05351712426681453,
      "toxic": 0.020678381691867594,
      "diff": -0.032838742574946934
    },
    "ip_count": {
      "non_toxic": 0.06584590325850581,
      "toxic": 0.09530036779730282,
      "diff": 0.029454464538797007
    },
    "identity_gender": {
      "non_toxic": 0.031632025368000624,
      "toxic": 0.057539844707805474,
      "diff": 0.02590781933980485
    },
    "sentence_count": {
      "non_toxic": 5.252614342277401,
      "toxic": 5.227870862280343,
      "diff": -0.02474347999705806
    },
    "unique_word_ratio": {
      "non_toxic": 0.8525432093795249,
      "toxic": 0.8772338707258953,
      "diff": 0.024690661346370435
    },
    "vader_pos": {
      "non_toxic": 0.10280499215913914,
      "toxic": 0.07874450347364119,
      "diff": -0.024060488685497955
    },
    "identity_nationality": {
      "non_toxic": 0.04004470590273867,
      "toxic": 0.02280343277482632,
      "diff": -0.01724127312791235
    },
    "has_url_or_ip": {
      "non_toxic": 0.08964573171259996,
      "toxic": 0.09693502247650183,
      "diff": 0.007289290763901876
    },
    "identity_disability": {
      "non_toxic": 0.0049471066790272135,
      "toxic": 0.008336738863914998,
      "diff": 0.003389632184887785
    },
    "identity_religion": {
      "non_toxic": 0.02597447604855269,
      "toxic": 0.022639967306906417,
      "diff": -0.003334508741646272
    },
    "obfuscated_profanity_count": {
      "non_toxic": 5.1983607835662486e-05,
      "toxic": 0.0030241111565181855,
      "diff": 0.0029721275486825228
    },
    "identity_race": {
      "non_toxic": 0.05661881286767573,
      "toxic": 0.05443400081732734,
      "diff": -0.0021848120503483864
    }
  },
  "identity_risk": {
    "baseline_toxic_rate": 0.0958,
    "total_comments": 127656,
    "any_identity_mention_count": 17775,
    "any_identity_mention_pct": 13.92,
    "any_identity_mention_toxic_rate": 0.1228,
    "identity_hate_total": 1116,
    "identity_hate_rate": 0.00874,
    "groups": [
      {
        "key": "identity_sexuality",
        "label": "Sexual Orientation",
        "count": 1617,
        "pct_of_dataset": 1.27,
        "toxic_rate": 0.3575,
        "relative_risk": 3.73,
        "identity_hate_rate": 0.1719
      },
      {
        "key": "identity_gender",
        "label": "Gender",
        "count": 4355,
        "pct_of_dataset": 3.41,
        "toxic_rate": 0.1617,
        "relative_risk": 1.687,
        "identity_hate_rate": 0.0214
      },
      {
        "key": "identity_disability",
        "label": "Disability",
        "count": 673,
        "pct_of_dataset": 0.53,
        "toxic_rate": 0.1516,
        "relative_risk": 1.581,
        "identity_hate_rate": 0.0149
      },
      {
        "key": "identity_race",
        "label": "Race / Ethnicity",
        "count": 7201,
        "pct_of_dataset": 5.64,
        "toxic_rate": 0.0925,
        "relative_risk": 0.965,
        "identity_hate_rate": 0.0332
      },
      {
        "key": "identity_religion",
        "label": "Religion",
        "count": 3275,
        "pct_of_dataset": 2.57,
        "toxic_rate": 0.0846,
        "relative_risk": 0.882,
        "identity_hate_rate": 0.0278
      },
      {
        "key": "identity_nationality",
        "label": "Nationality",
        "count": 4901,
        "pct_of_dataset": 3.84,
        "toxic_rate": 0.0569,
        "relative_risk": 0.594,
        "identity_hate_rate": 0.0114
      }
    ]
  },
  "feature_correlation_matrix": {
    "features": [
      "vader_compound",
      "vader_neg",
      "vader_pos",
      "vader_is_negative",
      "vader_intensity",
      "vader_pos_minus_neg",
      "has_second_person",
      "second_person_count",
      "second_person_density",
      "profanity_count",
      "obfuscated_profanity_count",
      "slang_count",
      "char_count",
      "word_count",
      "exclamation_count",
      "uppercase_ratio",
      "unique_word_ratio",
      "elongated_token_count",
      "consecutive_punct_count",
      "url_count",
      "ip_count",
      "has_url_or_ip",
      "negation_count",
      "sentence_count",
      "avg_sentence_length",
      "identity_mention_count",
      "identity_race",
      "identity_gender",
      "identity_sexuality",
      "identity_religion",
      "identity_disability",
      "identity_nationality"
    ],
    "matrix": [
      [
        1.0,
        -0.6062,
        0.5502,
        -0.8235,
        0.1619,
        0.7533,
        0.063,
        0.012,
        -0.0624,
        -0.0553,
        -0.014,
        -0.0153,
        0.0885,
        0.0889,
        -0.0095,
        -0.099,
        -0.0912,
        0.0049,
        0.0439,
        0.0104,
        -0.038,
        -0.0298,
        -0.0124,
        0.0519,
        -0.0143,
        -0.0049,
        -0.02,
        -0.0144,
        -0.0237,
        -0.0188,
        -0.0272,
        -0.0003
      ],
      [
        -0.6062,
        1.0,
        -0.18,
        0.666,
        0.2506,
        -0.7767,
        0.0747,
        0.0736,
        0.2275,
        0.1216,
        0.009,
        0.0237,
        -0.0282,
        -0.0267,
        0.0284,
        0.1657,
        0.0402,
        0.0188,
        -0.0241,
        -0.0219,
        0.026,
        0.0096,
        0.0033,
        0.0008,
        0.0476,
        -0.0061,
        -0.0121,
        0.0148,
        0.0258,
        -0.0032,
        0.0207,
        -0.0255
      ],
      [
        0.5502,
        -0.18,
        1.0,
        -0.3414,
        0.3767,
        0.7594,
        0.0803,
        0.0137,
        0.0871,
        -0.0194,
        -0.001,
        0.0056,
        -0.0382,
        -0.0361,
        0.0016,
        -0.0317,
        0.0696,
        -0.0024,
        -0.028,
        -0.022,
        -0.0231,
        -0.0374,
        -0.0633,
        -0.0188,
        -0.0396,
        -0.0168,
        -0.0505,
        -0.0048,
        -0.0088,
        -0.0337,
        -0.0087,
        -0.0423
      ],
      [
        -0.8235,
        0.666,
        -0.3414,
        1.0,
        0.1755,
        -0.6592,
        0.0631,
        0.0381,
        0.0888,
        0.0444,
        0.0119,
        0.0162,
        0.0391,
        0.0412,
        0.0088,
        0.0564,
        -0.0535,
        0.0087,
        0.0161,
        0.0004,
        0.0396,
        0.0317,
        0.0968,
        0.0351,
        0.0366,
        0.0116,
        0.0351,
        0.0358,
        0.0274,
        0.031,
        0.0314,
        0.018
      ],
      [
        0.1619,
        0.2506,
        0.3767,
        0.1755,
        1.0,
        0.0754,
        0.2964,
        0.1867,
        0.0883,
        0.0414,
        0.0066,
        0.0197,
        0.3925,
        0.399,
        0.0171,
        -0.0083,
        -0.4166,
        0.0672,
        0.1907,
        0.04,
        0.0238,
        0.0264,
        0.2683,
        0.2841,
        0.0966,
        0.0432,
        0.0794,
        0.0894,
        0.036,
        0.0647,
        0.0369,
        0.0659
      ],
      [
        0.7533,
        -0.7767,
        0.7594,
        -0.6592,
        0.0754,
        1.0,
        0.002,
        -0.0399,
        -0.0947,
        -0.0929,
        -0.0066,
        -0.012,
        -0.0059,
        -0.0055,
        -0.0178,
        -0.1299,
        0.018,
        -0.014,
        -0.002,
        0.0004,
        -0.032,
        -0.0303,
        -0.0427,
        -0.0125,
        -0.0569,
        -0.0067,
        -0.0243,
        -0.0129,
        -0.0227,
        -0.0195,
        -0.0193,
        -0.0102
      ],
      [
        0.063,
        0.0747,
        0.0803,
        0.0631,
        0.2964,
        0.002,
        1.0,
        0.2695,
        0.6444,
        0.01,
        0.0095,
        0.0087,
        0.214,
        0.226,
        0.0059,
        -0.0287,
        -0.2357,
        0.0268,
        0.0852,
        0.0032,
        0.0124,
        0.0048,
        0.1931,
        0.1728,
        0.0273,
        0.0081,
        0.0204,
        0.0366,
        0.0218,
        0.0158,
        0.024,
        0.0078
      ],
      [
        0.012,
        0.0736,
        0.0137,
        0.0381,
        0.1867,
        -0.0399,
        0.2695,
        1.0,
        0.2949,
        0.4379,
        0.0048,
        0.0256,
        0.364,
        0.3922,
        0.0793,
        0.0453,
        -0.3312,
        0.1177,
        0.2137,
        0.0113,
        0.0139,
        0.0113,
        0.2448,
        0.4339,
        0.3077,
        0.0429,
        0.0245,
        0.0412,
        0.0231,
        0.0259,
        0.0317,
        0.0196
      ],
      [
        -0.0624,
        0.2275,
        0.0871,
        0.0888,
        0.0883,
        -0.0947,
        0.6444,
        0.2949,
        1.0,
        0.075,
        0.0156,
        0.0096,
        -0.0772,
        -0.072,
        0.0315,
        0.0685,
        0.0529,
        0.0073,
        -0.0408,
        -0.0385,
        -0.0034,
        -0.0247,
        -0.0602,
        -0.0053,
        -0.0129,
        -0.0248,
        -0.0593,
        -0.0156,
        0.0128,
        -0.04,
        -0.0014,
        -0.0617
      ],
      [
        -0.0553,
        0.1216,
        -0.0194,
        0.0444,
        0.0414,
        -0.0929,
        0.01,
        0.4379,
        0.075,
        1.0,
        0.0012,
        0.0185,
        0.1327,
        0.1437,
        0.0911,
        0.0902,
        -0.1315,
        0.0803,
        0.1304,
        -0.0027,
        -0.0018,
        -0.0044,
        0.0078,
        0.294,
        0.3108,
        0.0252,
        -0.0035,
        0.0008,
        0.0074,
        -0.0004,
        0.0008,
        -0.0036
      ],
      [
        -0.014,
        0.009,
        -0.001,
        0.0119,
        0.0066,
        -0.0066,
        0.0095,
        0.0048,
        0.0156,
        0.0012,
        1.0,
        0.0024,
        0.0008,
        0.0014,
        0.0011,
        0.0081,
        -0.0009,
        0.0012,
        0.0009,
        -0.0017,
        0.0032,
        0.0025,
        0.0018,
        0.0047,
        -0.0026,
        -0.0002,
        0.0037,
        -0.0027,
        0.0132,
        -0.0002,
        0.0035,
        -0.0029
      ],
      [
        -0.0153,
        0.0237,
        0.0056,
        0.0162,
        0.0197,
        -0.012,
        0.0087,
        0.0256,
        0.0096,
        0.0185,
        0.0024,
        1.0,
        0.0457,
        0.0397,
        0.0002,
        0.0332,
        -0.0361,
        0.0372,
        0.0217,
        0.0015,
        0.0008,
        0.0012,
        0.0093,
        0.009,
        0.0977,
        0.0027,
        0.0009,
        0.0039,
        0.0026,
        0.0028,
        0.0203,
        0.0024
      ],
      [
        0.0885,
        -0.0282,
        -0.0382,
        0.0391,
        0.3925,
        -0.0059,
        0.214,
        0.364,
        -0.0772,
        0.1327,
        0.0008,
        0.0457,
        1.0,
        0.9872,
        0.087,
        -0.0253,
        -0.7296,
        0.1948,
        0.5356,
        0.181,
        0.0674,
        0.1111,
        0.673,
        0.7253,
        0.2793,
        0.1977,
        0.2121,
        0.1778,
        0.0808,
        0.1633,
        0.0803,
        0.2117
      ],
      [
        0.0889,
        -0.0267,
        -0.0361,
        0.0412,
        0.399,
        -0.0055,
        0.226,
        0.3922,
        -0.072,
        0.1437,
        0.0014,
        0.0397,
        0.9872,
        1.0,
        0.0351,
        -0.0281,
        -0.7398,
        0.1784,
        0.4958,
        0.1337,
        0.0603,
        0.0899,
        0.6939,
        0.7132,
        0.3056,
        0.2049,
        0.2059,
        0.1806,
        0.0815,
        0.1589,
        0.0805,
        0.2059
      ],
      [
        -0.0095,
        0.0284,
        0.0016,
        0.0088,
        0.0171,
        -0.0178,
        0.0059,
        0.0793,
        0.0315,
        0.0911,
        0.0011,
        0.0002,
        0.087,
        0.0351,
        1.0,
        0.0616,
        -0.0559,
        0.205,
        0.1534,
        -0.0005,
        0.0002,
        -0.0023,
        0.0025,
        0.1594,
        -0.0059,
        0.0084,
        -0.0014,
        0.002,
        0.0027,
        -0.0017,
        -0.0007,
        -0.0014
      ],
      [
        -0.099,
        0.1657,
        -0.0317,
        0.0564,
        -0.0083,
        -0.1299,
        -0.0287,
        0.0453,
        0.0685,
        0.0902,
        0.0081,
        0.0332,
        -0.0253,
        -0.0281,
        0.0616,
        1.0,
        0.0297,
        0.0818,
        0.0183,
        -0.0057,
        -0.0011,
        -0.0099,
        -0.0552,
        0.0051,
        0.082,
        0.0374,
        -0.01,
        0.0009,
        0.0182,
        -0.0129,
        -0.0057,
        -0.0172
      ],
      [
        -0.0912,
        0.0402,
        0.0696,
        -0.0535,
        -0.4166,
        0.018,
        -0.2357,
        -0.3312,
        0.0529,
        -0.1315,
        -0.0009,
        -0.0361,
        -0.7296,
        -0.7398,
        -0.0559,
        0.0297,
        1.0,
        -0.1535,
        -0.3677,
        -0.0815,
        -0.0382,
        -0.0471,
        -0.5207,
        -0.5312,
        -0.3354,
        -0.1495,
        -0.1576,
        -0.1149,
        -0.0569,
        -0.1208,
        -0.055,
        -0.1497
      ],
      [
        0.0049,
        0.0188,
        -0.0024,
        0.0087,
        0.0672,
        -0.014,
        0.0268,
        0.1177,
        0.0073,
        0.0803,
        0.0012,
        0.0372,
        0.1948,
        0.1784,
        0.205,
        0.0818,
        -0.1535,
        1.0,
        0.3939,
        0.1091,
        0.0108,
        0.0475,
        0.0722,
        0.2605,
        0.0404,
        0.018,
        0.0286,
        0.032,
        0.0153,
        0.0202,
        0.0181,
        0.0271
      ],
      [
        0.0439,
        -0.0241,
        -0.028,
        0.0161,
        0.1907,
        -0.002,
        0.0852,
        0.2137,
        -0.0408,
        0.1304,
        0.0009,
        0.0217,
        0.5356,
        0.4958,
        0.1534,
        0.0183,
        -0.3677,
        0.3939,
        1.0,
        0.21,
        0.0353,
        0.0972,
        0.3229,
        0.5264,
        0.0533,
        0.0818,
        0.128,
        0.0967,
        0.048,
        0.0924,
        0.0355,
        0.1263
      ],
      [
        0.0104,
        -0.0219,
        -0.022,
        0.0004,
        0.04,
        0.0004,
        0.0032,
        0.0113,
        -0.0385,
        -0.0027,
        -0.0017,
        0.0015,
        0.181,
        0.1337,
        -0.0005,
        -0.0057,
        -0.0815,
        0.1091,
        0.21,
        1.0,
        0.0372,
        0.3805,
        0.0567,
        0.232,
        -0.0242,
        0.0334,
        0.0487,
        0.0309,
        0.0203,
        0.036,
        0.0183,
        0.0567
      ],
      [
        -0.038,
        0.026,
        -0.0231,
        0.0396,
        0.0238,
        -0.032,
        0.0124,
        0.0139,
        -0.0034,
        -0.0018,
        0.0032,
        0.0008,
        0.0674,
        0.0603,
        0.0002,
        -0.0011,
        -0.0382,
        0.0108,
        0.0353,
        0.0372,
        1.0,
        0.6784,
        0.0498,
        0.1764,
        -0.056,
        0.0096,
        0.0164,
        0.023,
        0.0068,
        0.0134,
        0.0147,
        0.0183
      ],
      [
        -0.0298,
        0.0096,
        -0.0374,
        0.0317,
        0.0264,
        -0.0303,
        0.0048,
        0.0113,
        -0.0247,
        -0.0044,
        0.0025,
        0.0012,
        0.1111,
        0.0899,
        -0.0023,
        -0.0099,
        -0.0471,
        0.0475,
        0.0972,
        0.3805,
        0.6784,
        1.0,
        0.0546,
        0.2067,
        -0.075,
        0.0184,
        0.0384,
        0.0334,
        0.012,
        0.0277,
        0.0186,
        0.0366
      ],
      [
        -0.0124,
        0.0033,
        -0.0633,
        0.0968,
        0.2683,
        -0.0427,
        0.1931,
        0.2448,
        -0.0602,
        0.0078,
        0.0018,
        0.0093,
        0.673,
        0.6939,
        0.0025,
        -0.0552,
        -0.5207,
        0.0722,
        0.3229,
        0.0567,
        0.0498,
        0.0546,
        1.0,
        0.4764,
        0.105,
        0.0869,
        0.1365,
        0.1193,
        0.056,
        0.1175,
        0.0623,
        0.133
      ],
      [
        0.0519,
        0.0008,
        -0.0188,
        0.0351,
        0.2841,
        -0.0125,
        0.1728,
        0.4339,
        -0.0053,
        0.294,
        0.0047,
        0.009,
        0.7253,
        0.7132,
        0.1594,
        0.0051,
        -0.5312,
        0.2605,
        0.5264,
        0.232,
        0.1764,
        0.2067,
        0.4764,
        1.0,
        -0.0054,
        0.121,
        0.1418,
        0.1297,
        0.057,
        0.1053,
        0.0568,
        0.1398
      ],
      [
        -0.0143,
        0.0476,
        -0.0396,
        0.0366,
        0.0966,
        -0.0569,
        0.0273,
        0.3077,
        -0.0129,
        0.3108,
        -0.0026,
        0.0977,
        0.2793,
        0.3056,
        -0.0059,
        0.082,
        -0.3354,
        0.0404,
        0.0533,
        -0.0242,
        -0.056,
        -0.075,
        0.105,
        -0.0054,
        1.0,
        0.281,
        0.0313,
        0.0225,
        0.021,
        0.0208,
        0.0112,
        0.0269
      ],
      [
        -0.0049,
        -0.0061,
        -0.0168,
        0.0116,
        0.0432,
        -0.0067,
        0.0081,
        0.0429,
        -0.0248,
        0.0252,
        -0.0002,
        0.0027,
        0.1977,
        0.2049,
        0.0084,
        0.0374,
        -0.1495,
        0.018,
        0.0818,
        0.0334,
        0.0096,
        0.0184,
        0.0869,
        0.121,
        0.281,
        1.0,
        0.197,
        0.1239,
        0.0978,
        0.1475,
        0.0371,
        0.1595
      ],
      [
        -0.02,
        -0.0121,
        -0.0505,
        0.0351,
        0.0794,
        -0.0243,
        0.0204,
        0.0245,
        -0.0593,
        -0.0035,
        0.0037,
        0.0009,
        0.2121,
        0.2059,
        -0.0014,
        -0.01,
        -0.1576,
        0.0286,
        0.128,
        0.0487,
        0.0164,
        0.0384,
        0.1365,
        0.1418,
        0.0313,
        0.197,
        1.0,
        0.0822,
        0.0254,
        0.1981,
        0.0169,
        0.1722
      ],
      [
        -0.0144,
        0.0148,
        -0.0048,
        0.0358,
        0.0894,
        -0.0129,
        0.0366,
        0.0412,
        -0.0156,
        0.0008,
        -0.0027,
        0.0039,
        0.1778,
        0.1806,
        0.002,
        0.0009,
        -0.1149,
        0.032,
        0.0967,
        0.0309,
        0.023,
        0.0334,
        0.1193,
        0.1297,
        0.0225,
        0.1239,
        0.0822,
        1.0,
        0.0652,
        0.0623,
        0.031,
        0.0592
      ],
      [
        -0.0237,
        0.0258,
        -0.0088,
        0.0274,
        0.036,
        -0.0227,
        0.0218,
        0.0231,
        0.0128,
        0.0074,
        0.0132,
        0.0026,
        0.0808,
        0.0815,
        0.0027,
        0.0182,
        -0.0569,
        0.0153,
        0.048,
        0.0203,
        0.0068,
        0.012,
        0.056,
        0.057,
        0.021,
        0.0978,
        0.0254,
        0.0652,
        1.0,
        0.0184,
        0.0034,
        0.0269
      ],
      [
        -0.0188,
        -0.0032,
        -0.0337,
        0.031,
        0.0647,
        -0.0195,
        0.0158,
        0.0259,
        -0.04,
        -0.0004,
        -0.0002,
        0.0028,
        0.1633,
        0.1589,
        -0.0017,
        -0.0129,
        -0.1208,
        0.0202,
        0.0924,
        0.036,
        0.0134,
        0.0277,
        0.1175,
        0.1053,
        0.0208,
        0.1475,
        0.1981,
        0.0623,
        0.0184,
        1.0,
        0.0142,
        0.0736
      ],
      [
        -0.0272,
        0.0207,
        -0.0087,
        0.0314,
        0.0369,
        -0.0193,
        0.024,
        0.0317,
        -0.0014,
        0.0008,
        0.0035,
        0.0203,
        0.0803,
        0.0805,
        -0.0007,
        -0.0057,
        -0.055,
        0.0181,
        0.0355,
        0.0183,
        0.0147,
        0.0186,
        0.0623,
        0.0568,
        0.0112,
        0.0371,
        0.0169,
        0.031,
        0.0034,
        0.0142,
        1.0,
        0.0125
      ],
      [
        -0.0003,
        -0.0255,
        -0.0423,
        0.018,
        0.0659,
        -0.0102,
        0.0078,
        0.0196,
        -0.0617,
        -0.0036,
        -0.0029,
        0.0024,
        0.2117,
        0.2059,
        -0.0014,
        -0.0172,
        -0.1497,
        0.0271,
        0.1263,
        0.0567,
        0.0183,
        0.0366,
        0.133,
        0.1398,
        0.0269,
        0.1595,
        0.1722,
        0.0592,
        0.0269,
        0.0736,
        0.0125,
        1.0
      ]
    ]
  },
  "feature_distributions": {
    "vader_compound": {
      "bin_edges": [
        -0.978545,
        -0.912927,
        -0.847309,
        -0.78169,
        -0.716072,
        -0.650454,
        -0.584836,
        -0.519218,
        -0.4536,
        -0.387981,
        -0.322363,
        -0.256745,
        -0.191127,
        -0.125509,
        -0.059891,
        0.005728,
        0.071346,
        0.136964,
        0.202582,
        0.2682,
        0.333818,
        0.399437,
        0.465055,
        0.530673,
        0.596291,
        0.661909,
        0.727527,
        0.793146,
        0.858764,
        0.924382,
        0.99
      ],
      "non_toxic": [
        2.036,
        1.9139,
        1.9251,
        1.8567,
        1.7813,
        2.0542,
        1.9988,
        2.166,
        2.0863,
        2.1703,
        2.6884,
        2.0274,
        1.5344,
        1.3507,
        18.0894,
        1.7475,
        1.9936,
        2.0889,
        1.8151,
        3.5037,
        3.4153,
        4.8813,
        3.1753,
        2.9535,
        3.9802,
        3.8641,
        3.6259,
        4.4732,
        5.0892,
        5.9608
      ],
      "toxic": [
        11.1729,
        9.3993,
        8.6718,
        6.4651,
        5.7295,
        5.4516,
        6.4732,
        3.8169,
        2.6073,
        2.7789,
        2.1332,
        1.6673,
        1.7409,
        1.1524,
        8.4021,
        0.6539,
        1.1361,
        1.1443,
        0.9563,
        1.463,
        1.2178,
        1.8145,
        1.4875,
        1.4058,
        1.3322,
        1.2505,
        1.0707,
        1.2342,
        0.9808,
        0.9318
      ],
      "is_binary": false
    },
    "vader_neg": {
      "bin_edges": [
        0.0,
        0.017867,
        0.035733,
        0.0536,
        0.071467,
        0.089333,
        0.1072,
        0.125067,
        0.142933,
        0.1608,
        0.178667,
        0.196533,
        0.2144,
        0.232267,
        0.250133,
        0.268,
        0.285867,
        0.303733,
        0.3216,
        0.339467,
        0.357333,
        0.3752,
        0.393067,
        0.410933,
        0.4288,
        0.446667,
        0.464533,
        0.4824,
        0.500267,
        0.518133,
        0.536
      ],
      "non_toxic": [
        44.6401,
        6.8965,
        7.7776,
        7.5342,
        6.3489,
        5.3621,
        4.2124,
        3.3218,
        2.9068,
        2.2656,
        1.8012,
        1.355,
        1.1021,
        0.8343,
        0.6385,
        0.5337,
        0.4445,
        0.3388,
        0.2582,
        0.2694,
        0.2001,
        0.1274,
        0.1213,
        0.1352,
        0.1204,
        0.078,
        0.0676,
        0.0416,
        0.0554,
        0.0329
      ],
      "toxic": [
        13.4859,
        0.5394,
        1.4058,
        1.9943,
        3.1712,
        3.7761,
        4.3155,
        4.1929,
        4.4871,
        4.5198,
        4.4463,
        4.1193,
        3.8905,
        3.4736,
        3.5635,
        3.2366,
        3.1385,
        2.5991,
        2.5991,
        2.2803,
        2.4356,
        1.9534,
        1.839,
        2.0924,
        1.2832,
        1.3813,
        1.6837,
        1.3241,
        0.9971,
        1.0544
      ],
      "is_binary": false
    },
    "vader_pos": {
      "bin_edges": [
        0.0,
        0.016533,
        0.033067,
        0.0496,
        0.066133,
        0.082667,
        0.0992,
        0.115733,
        0.132267,
        0.1488,
        0.165333,
        0.181867,
        0.1984,
        0.214933,
        0.231467,
        0.248,
        0.264533,
        0.281067,
        0.2976,
        0.314133,
        0.330667,
        0.3472,
        0.363733,
        0.380267,
        0.3968,
        0.413333,
        0.429867,
        0.4464,
        0.462933,
        0.479467,
        0.496
      ],
      "non_toxic": [
        27.6882,
        3.2741,
        5.3933,
        7.107,
        7.7828,
        7.5047,
        6.1419,
        5.7104,
        4.4775,
        4.0253,
        3.2689,
        2.7057,
        2.0724,
        1.9996,
        1.5257,
        1.4183,
        1.1948,
        0.9279,
        0.791,
        0.6663,
        0.551,
        0.4254,
        0.4566,
        0.3881,
        0.3266,
        0.2755,
        0.2677,
        0.2062,
        0.1689,
        0.1958
      ],
      "toxic": [
        43.2039,
        2.1986,
        3.7842,
        5.7131,
        5.754,
        5.8684,
        4.953,
        4.9448,
        4.2092,
        3.1467,
        2.6972,
        2.4928,
        1.6592,
        1.6592,
        1.1606,
        1.1279,
        0.8664,
        0.7111,
        0.6866,
        0.5885,
        0.4495,
        0.3678,
        0.2452,
        0.2289,
        0.3106,
        0.1308,
        0.1553,
        0.1063,
        0.1144,
        0.0899
      ],
      "is_binary": false
    },
    "vader_is_negative": {
      "bin_edges": [
        -0.5,
        0.5,
        1.5
      ],
      "non_toxic": [
        71.3492,
        28.6508
      ],
      "toxic": [
        26.4896,
        73.5104
      ],
      "is_binary": true
    },
    "vader_intensity": {
      "bin_edges": [
        0.0,
        0.03309,
        0.06618,
        0.09927,
        0.13236,
        0.16545,
        0.19854,
        0.23163,
        0.26472,
        0.29781,
        0.3309,
        0.36399,
        0.39708,
        0.43017,
        0.46326,
        0.49635,
        0.52944,
        0.56253,
        0.59562,
        0.62871,
        0.6618,
        0.69489,
        0.72798,
        0.76107,
        0.79416,
        0.82725,
        0.86034,
        0.89343,
        0.92652,
        0.95961,
        0.9927
      ],
      "non_toxic": [
        18.1431,
        1.7129,
        1.6098,
        1.9676,
        1.4062,
        1.5716,
        2.2968,
        2.0369,
        3.5739,
        2.6182,
        3.651,
        1.9632,
        3.4751,
        3.7134,
        2.8071,
        2.652,
        2.3808,
        2.4588,
        2.8262,
        3.1615,
        2.7517,
        2.9813,
        2.6633,
        2.8305,
        3.4526,
        3.0688,
        3.4032,
        3.6562,
        3.735,
        4.5685
      ],
      "toxic": [
        8.3776,
        0.6947,
        0.9808,
        1.5366,
        1.3077,
        1.1524,
        1.6347,
        1.1933,
        2.2068,
        1.4467,
        2.5419,
        1.4467,
        2.215,
        2.5337,
        2.7299,
        3.2039,
        4.4626,
        3.3837,
        3.2121,
        3.727,
        3.3674,
        3.6208,
        3.5063,
        4.6097,
        5.0511,
        4.6424,
        5.3617,
        5.5905,
        6.1054,
        6.0482
      ],
      "is_binary": false
    },
    "vader_pos_minus_neg": {
      "bin_edges": [
        -0.524,
        -0.490133,
        -0.456267,
        -0.4224,
        -0.388533,
        -0.354667,
        -0.3208,
        -0.286933,
        -0.253067,
        -0.2192,
        -0.185333,
        -0.151467,
        -0.1176,
        -0.083733,
        -0.049867,
        -0.016,
        0.017867,
        0.051733,
        0.0856,
        0.119467,
        0.153333,
